01 20 45 60 30 10 65 50 70 40 65 25 15 35 55 85 65 75 65 65 20 50 70 10 30 40 60 65 20 45 65 35 15 65 25 55 65 55 65 65 40 30 50 65 10 60 65 65 50 65 65
02 30 50 65 15 75 25 45 55 35 75 65 10 75 75 65 40 60 40 65 65 35 45 55 10 65 30 50 20 65 65 75 65 60 65 15 25 75 40 65 35 60 10 65 30 50 20 45 55 35 60
03 40 60 75 25 65 35 55 65 45 65 65 10 15 15 65 30 50 20 60 65 10 35 45 55 25 65 65 15 75 50 20 40 60 75 50 65 30 75 10 25 50 65 15 35 65 55 45 60 65 75
04 50 65 65 35 65 45 65 65 55 65 65 20 25 15 60 40 60 30 65 10 20 55 65 65 35 65 65 25 65 65 40 65 60 65 15 50 35 65 45 10 30 65 20 65 55 45 65 30 10 15
05 60 65 10 45 75 55 65 65 65 75 20 30 35 25 75 50 65 40 75 10 30 65 65 65 45 10 15 35 75 65 40 65 60 65 25 60 45 75 15 40 10 75 20 75 55 75 30 65 55 10
06 65 65 20 55 65 65 65 65 65 35 30 40 45 35 65 60 65 50 10 20 40 65 65 65 55 20 25 45 65 65 50 10 65 30 75 50 65 20 55 30 65 40 75 15 25 60 75 65 10 65
07 65 10 30 65 75 65 65 25 65 15 40 50 55 40 10 65 65 60 20 30 50 65 65 15 65 30 35 55 15 75 60 20 65 40 65 60 75 25 65 55 65 25 40 65 10 45 25 60 40 10
08 65 20 40 65 10 65 65 15 65 25 50 60 65 55 20 65 10 75 30 40 60 65 55 15 65 40 45 65 25 10 65 50 15 75 65 30 65 65 25 60 40 10 30 65 55 65 25 10 65 65
09 10 30 50 65 20 75 15 25 55 35 60 65 75 65 30 65 20 65 40 50 65 35 15 25 65 50 55 65 35 20 65 60 25 65 65 35 65 65 20 55 35 15 40 65 65 55 45 30 55 65
10 10 40 60 65 30 55 25 35 15 45 65 65 65 75 40 10 30 65 50 60 65 15 25 35 65 60 65 65 45 30 45 65 50 15 10 65 40 65 65 35 65 50 20 45 65 60 25 35 10 45
11 20 75 65 65 40 15 35 45 25 55 65 65 65 75 50 10 40 75 75 65 65 25 35 45 65 45 50 65 30 15 65 50 10 20 65 75 30 65 65 35 65 75 75 50 65 65 50 10 35 65 
12 30 75 65 65 50 25 45 55 35 65 65 10 65 65 60 20 50 40 65 65 10 35 45 55 65 55 60 65 40 25 65 60 25 35 10 65 40 55 65 45 65 50 25 60 65 45 20 65 60 45 
13 40 65 65 10 60 35 55 65 45 65 55 10 15 10 65 30 60 50 65 65 10 45 55 65 10 65 65 65 50 35 10 65 50 15 20 25 65 55 65 60 25 65 40 50 65 20 10 65 35 60
14 50 65 10 10 65 45 65 65 55 65 15 20 25 65 65 40 65 60 65 10 20 55 65 65 10 65 65 10 60 45 20 65 60 25 30 15 10 65 10 65 35 65 50 60 65 25 50 60 65 65
15 60 65 10 20 65 55 65 65 65 65 25 30 35 20 65 50 65 65 10 10 30 65 65 65 20 65 65 10 65 55 20 10 65 35 40 25 45 75 35 65 40 15 60 30 40 65 30 65 55 10 
16 65 10 20 30 75 65 65 65 75 35 40 45 30 10 60 75 65 10 20 40 65 65 65 30 10 15 35 75 65 40 65 60 25 55 30 55 65 45 65 50 25 70 40 50 65 10 75 55 20 45
17 75 10 30 40 10 75 65 75 65 15 40 50 55 40 10 70 75 60 20 30 50 65 75 15 65 30 35 55 15 75 60 20 65 40 75 60 65 25 70 55 75 25 40 75 10 45 60 25 75 65 
18 75 20 40 50 10 75 25 15 75 25 50 60 65 55 20 75 10 70 30 40 60 65 75 15 75 40 45 65 25 10 75 50 15 75 75 30 65 75 25 60 40 10 30 75 55 65 25 10 75 75 
19 10 30 50 65 20 75 15 25 55 35 60 75 75 65 30 75 20 75 40 50 75 35 15 25 75 50 55 75 35 20 75 60 25 65 75 35 65 65 20 55 35 15 40 75 65 55 45 30 55 75 
20 10 75 60 75 30 55 25 35 15 45 75 75 75 65 40 10 30 75 50 60 75 15 25 35 75 60 65 75 45 30 45 75 50 15 10 75 40 75 65 35 75 50 20 45 75 75 25 35 10 45 
21 20 50 65 75 40 15 35 45 25 55 75 75 75 75 50 10 40 30 60 75 75 25 35 45 75 45 50 75 30 15 75 50 10 20 75 75 30 75 75 35 75 40 15 50 75 75 50 10 35 75 
22 65 10 20 30 75 65 65 65 75 35 40 45 30 10 60 75 65 10 20 40 65 65 65 30 10 15 35 75 65 40 65 60 25 55 30 55 65 45 65 50 25 70 40 50 65 10 75 55 20 45
23 40 75 75 10 60 35 55 65 45 75 75 10 15 10 75 30 60 50 75 75 10 45 55 65 10 75 75 75 50 35 10 75 50 15 20 55 75 55 75 60 25 75 40 50 75 20 10 75 35 60 
24 50 75 10 10 75 45 65 75 55 75 15 20 25 65 75 40 75 60 75 10 20 55 65 75 10 75 75 10 60 45 20 75 60 25 30 15 10 65 10 75 35 75 50 60 75 25 50 60 65 75 


