01 55 20 30 10 25 65 40 35 15 50 70 60 75 45 55 30 10 70 45 25 65 50 40 20 30 60 70 55 75 10 15 80 35 70 50 15 75 60 25 40 45 65 20 10 30 55 70 75 50 60
2 30 55 15 70 40 25 65 50 75 35 10 20 60 70 80 35 25 45 15 55 40 75 50 30 60 80 15 45 70 25 65 10 55 20 45 30 10 75 65 40 70 75 20 35 25 60 75 50 15 70 
3 40 75 65 10 25 55 30 60 70 80 15 45 50 35 75 55 65 40 75 10 60 45 35 20 25 75 10 55 70 35 80 15 25 45 70 55 65 40 75 50 20 35 60 70 10 15 50 80 30 60 
4 50 75 55 65 30 70 45 20 25 85 40 15 80 35 60 50 75 10 20 45 60 65 70 40 25 85 20 30 75 10 35 40 55 60 70 45 50 80 15 65 30 75 45 10 25 35 60 75 55 15 
05 60 30 10 75 50 35 80 15 25 90 65 20 40 45 70 60 75 30 40 55 60 10 75 45 20 35 90 15 25 70 30 65 80 50 55 10 45 60 75 20 80 35 65 15 70 40 90 50 75 10
06 70 45 55 10 65 40 75 20 30 95 80 25 50 55 90 70 75 45 55 30 75 80 10 65 35 25 95 30 40 80 45 70 85 60 65 15 35 90 75 25 60 45 80 15 70 50 95 60 75 20
07 80 70 75 55 85 50 15 25 35 10 90 65 30 55 10 80 70 80 15 75 45 10 90 55 30 85 10 70 75 55 20 35 40 90 80 25 60 70 20 40 15 85 30 65 75 50 95 35 80 10
08 90 65 20 75 95 55 10 20 30 15 80 70 35 60 20 90 65 60 25 15 75 85 15 80 40 35 95 20 45 80 65 30 70 25 60 75 50 10 45 80 35 70 25 55 60 90 50 15 70 40
09 10 30 55 65 35 10 20 30 45 50 10 80 40 70 25 55 10 55 30 75 80 45 60 15 10 25 70 50 55 40 20 75 30 45 10 60 70 80 35 90 55 65 40 20 35 60 10 25 70 50
10 10 50 65 15 60 75 80 70 10 75 40 20 35 60 30 10 50 45 70 25 55 75 45 80 60 40 15 70 50 10 80 15 45 70 80 20 55 75 35 10 90 50 45 20 30 65 15 55 70 25
11 20 70 25 75 80 45 10 65 20 80 50 25 40 70 55 20 70 35 50 45 15 55 80 15 90 70 25 80 10 45 55 80 90 30 65 50 60 80 15 75 45 55 30 40 65 20 90 35 70 55
12 30 75 35 65 90 55 20 75 30 85 60 35 50 80 65 30 80 40 60 15 25 75 90 25 10 80 35 65 15 50 60 75 85 40 70 60 70 85 25 65 15 75 40 55 70 25 85 45 60 25 
13 40 10 45 70 95 65 30 85 40 90 70 45 60 10 70 40 90 50 70 55 20 45 10 35 80 70 15 65 45 50 80 10 55 40 60 55 80 70 30 75 20 45 60 70 10 35 75 50 65 35
14 50 20 55 10 75 80 45 95 50 10 15 60 70 25 80 50 70 60 75 65 35 55 20 40 70 15 75 55 60 80 25 45 50 70 85 60 75 10 45 70 80 20 65 15 80 30 85 45 55 30
15 60 30 65 20 10 90 55 75 60 25 30 70 80 35 10 60 80 70 80 75 45 65 30 45 10 20 80 70 25 35 40 50 70 85 40 75 55 20 65 30 70 40 10 45 60 75 15 25 35 80
16 70 40 75 30 10 55 65 85 70 35 40 80 90 45 20 70 90 75 10 75 55 65 40 55 10 30 75 65 20 80 45 50 70 75 80 35 25 70 40 55 25 65 35 80 15 45 10 60 25 75 
17 80 50 10 40 75 20 75 95 80 10 20 90 10 55 65 80 10 60 25 75 15 20 80 65 75 30 35 10 20 75 55 40 80 90 60 80 15 45 55 70 80 50 60 25 70 35 95 50 10 20
18 90 60 20 50 85 30 45 65 90 25 35 10 15 60 75 90 25 70 30 80 45 10 25 85 60 65 20 90 30 70 25 45 65 80 50 85 15 75 75 40 85 20 95 10 75 85 50 55 60 70
19 10 70 30 60 95 40 55 75 10 35 50 15 20 65 80 10 80 40 50 10 65 20 35 95 70 75 30 10 50 35 60 25 85 70 15 20 20 75 40 55 10 85 30 40 65 70 45 50 75 40
20 10 80 40 70 10 55 65 85 10 45 60 25 30 70 90 10 90 50 60 15 75 25 45 10 80 75 40 20 60 45 70 30 55 80 15 20 30 75 50 65 10 95 35 80 55 65 40 45 60 75
21 20 90 50 80 20 65 75 95 20 55 70 35 40 75 10 20 70 60 70 25 85 35 55 20 90 80 45 15 70 55 80 40 65 85 30 35 40 80 60 75 20 25 85 50 75 35 10 60 25 70
23 40 10 70 10 40 85 95 65 40 75 10 55 60 70 30 40 90 80 80 45 20 55 75 40 65 10 80 50 15 35 40 10 45 75 55 80 15 40 70 25 30 75 90 70 45 25 80 70 15 45
24 50 20 80 20 50 95 15 75 50 85 30 65 70 80 35 50 10 90 90 55 30 65 85 50 75 20 90 60 25 55 50 20 55 80 60 75 20 50 80 35 40 85 10 75 40 65 90 15 25 55
