01 55 30 45 20 10 50 25 70 40 15 35 60 65 10 50 75 30 20 55 45 35 75 20 50 70 40 30 10 80 25 15 35 60 45 10 30 40 60 75 50 20 45 70 35 15 65 40 75 55 20
02 10 45 25 60 70 30 55 35 15 75 65 40 10 60 20 50 75 35 45 55 10 80 30 50 20 70 75 45 10 15 60 65 95 10 85 85 80 20 35 45 55 10 80 30 50 70 15 95 65 75
03 30 75 10 35 60 25 45 55 35 10 15 70 50 80 10 35 45 55 25 75 95 15 65 50 20 40 60 80 30 70 10 25 50 80 15 35 75 55 45 60 65 85 90 25 70 15 40 85 55 90
04 60 35 75 45 10 80 55 75 85 95 20 25 15 60 40 60 30 70 10 20 55 65 75 35 90 65 25 85 70 40 80 60 95 15 50 35 75 45 10 30 80 20 65 55 45 95 30 10 15 35
05 40 70 45 60 75 85 55 75 65 25 30 35 25 80 50 70 40 90 10 30 65 75 85 45 10 15 35 95 70 40 80 60 90 25 60 45 85 15 40 10 70 20 75 55 65 30 85 70 25 80
06 80 55 20 65 30 10 75 85 95 75 30 40 45 30 10 60 90 80 10 20 40 75 85 95 55 20 25 45 95 80 50 10 70 30 65 50 90 20 55 30 80 40 75 15 25 60 65 75 10 75
07 25 85 15 40 50 55 40 10 70 90 60 20 30 50 85 95 15 65 30 35 55 15 90 60 20 80 40 75 60 95 25 70 55 85 25 40 80 10 45 25 60 40 10 30 75 55 10 15 35 95
08 15 95 25 50 60 65 55 20 80 10 70 30 40 60 95 55 15 75 40 45 65 25 10 80 50 15 90 70 30 85 70 25 60 40 10 30 75 55 65 25 10 80 50 60 95 25 50 60 65 70
09 35 60 25 85 50 35 60 70 75 65 30 90 20 80 40 50 70 55 15 25 85 50 55 75 35 20 90 60 25 95 75 35 80 65 20 55 35 15 40 85 65 55 45 30 55 80 50 70 15 40
10 90 60 25 35 15 45 70 80 85 75 40 10 30 90 50 60 80 15 25 35 95 60 65 85 45 30 45 80 50 15 10 80 40 95 80 35 70 50 20 45 90 90 25 35 45 40 70 65 55 20
11 80 50 10 40 30 60 70 90 25 35 45 80 45 50 70 30 15 80 50 10 20 90 70 30 95 80 35 70 40 15 50 85 80 50 10 35 20 50 70 80 40 15 10 80 70 30 95 65 60 80
12 50 65 25 45 55 35 65 90 10 65 95 60 20 50 40 70 80 10 35 45 55 90 55 60 80 40 25 90 60 25 35 10 80 40 55 90 45 80 50 25 60 95 45 20 90 60 45 80 65 85
13 60 90 50 35 75 55 75 85 10 15 10 70 30 60 50 80 90 10 45 55 65 10 65 70 90 50 35 10 80 50 15 20 55 90 55 90 60 25 70 40 50 85 45 50 70 30 55 80 30 60
14 70 75 75 10 15 45 65 75 55 85 15 20 25 65 80 40 70 60 90 10 20 55 65 75 10 75 80 10 60 45 20 90 60 25 30 15 10 65 10 70 35 80 50 60 95 45 80 45 50 65 
15 85 75 20 10 70 55 75 85 65 95 25 30 35 20 90 50 80 70 10 10 30 65 75 85 20 85 90 10 70 55 20 10 80 35 40 25 45 70 35 70 40 15 60 30 40 75 30 75 55 10 
16 95 55 20 30 10 65 85 95 75 75 35 40 45 30 10 60 90 80 10 20 40 75 85 95 30 10 15 35 95 80 40 90 60 25 55 30 55 80 45 80 50 25 70 40 50 85 10 70 55 20
17 15 40 10 30 40 10 75 95 75 85 15 40 50 55 40 10 70 90 60 20 30 50 85 95 85 65 30 35 55 15 90 60 20 80 40 75 60 95 25 70 55 85 25 40 80 10 45 60 25 95 75 
18 25 70 10 40 50 10 85 25 15 95 25 50 60 65 55 20 80 10 70 30 40 60 95 75 15 75 40 45 65 25 10 80 50 15 90 70 30 85 70 25 60 40 10 30 75 55 65 25 10 80 90
19 85 50 35 60 20 55 15 25 45 35 60 70 75 65 30 90 20 80 40 50 70 55 15 25 85 50 55 75 35 20 90 60 25 95 75 35 80 65 20 55 35 15 40 85 65 55 45 30 55 80
20 10 75 45 25 35 15 45 70 80 85 75 40 10 30 90 50 60 80 15 25 35 95 60 65 85 45 30 45 80 50 15 10 80 40 95 80 35 70 50 20 45 90 90 25 35 45 40 70 65 55 20 
21 50 80 40 15 35 45 25 55 80 90 95 85 50 10 40 30 60 70 90 25 35 45 80 45 50 70 30 15 80 50 10 20 90 70 30 95 80 35 70 40 15 50 85 80 50 10 20 25 60 45
22 25 90 55 20 65 30 10 75 85 95 75 30 40 45 30 10 60 90 80 10 20 40 75 85 95 55 20 25 45 95 80 50 10 70 30 65 50 90 20 55 30 80 40 75 15 25 60 65 75 10 75
23 55 10 60 35 55 10 80 60 70 90 50 35 10 80 50 15 20 55 90 55 90 60 25 70 40 50 85 20 10 80 35 60 25 45 75 55 40 65 55 45 50 75 30 55 80 30 55 70 30 55 
24 75 40 45 10 75 60 80 40 10 95 10 60 65 25 90 60 25 35 10 80 40 55 90 45 80 50 25 60 95 45 20 90 60 45 80 65 85 30 55 70 40 50 85 45 50 70 30 55 80 65 35
